43,3
43,2
43,1
43,0
42,3
42,2
42,1
42,0
41,3
41,2
41,1
41,0
40,3
40,2
40,1
40,0
39,4
39,3
39,2
39,1
39,0
38,3
38,2
38,1
38,0
37,3
37,2
37,1
37,0
4,3
4,2
4,1
4,0
3,6
3,5
3,4
3,3
3,2
3,1
3,0
1,2
1,1
1,0
0,310
2,1
253,5
253,4
253,3
253,2
253,1
253,0
250,9
250,8
250,7
250,6
250,5
250,4
250,3
250,2
250,1
250,0
245,3
245,2
245,1
245,0
244,3
244,2
244,1
244,0
243,3
243,2
243,1
243,0
242,3
242,2
242,1
242,0
241,4
241,3
241,2
241,1
241,0
240,4
240,3
240,2
240,1
240,0
239,4
239,3
239,2
239,1
239,0
238,3
238,2
238,1
238,0
2,5
2,4
2,3
2,2
2,0
1,3
0,433
0,412
0,408
0,406
0,402
0,383
0,322
0,316
0,313
0,308
0,307
0,305
0,304
0,303
0,302
0,243
0,12
0,10
0,9
0,8
0,0
0,1
0,418
0,300
0,417
0,299
0,416
0,298
0,415
0,297
0,414
0,296
0,295
0,411
0,294
0,413
0,293
0,437
0,292
0,410
0,291
0,409
0,290
0,407
0,289
0,436
0,288
0,435
0,287
0,286
0,434
0,285
0,284
0,405
0,283
0,403
0,282
0,281
0,404
0,280
0,400
0,279
0,399
0,278
0,401
0,277
0,397
0,276
0,396
0,275
0,398
44,0
44,1
44,3
45,0
45,2
45,3
46,1
46,3
46,4
47,1
47,2
47,4
47,6
48,0
48,2
48,3
49,0
49,1
49,3
49,5
49,6
50,0
50,1
50,3
50,5
50,6
50,4
50,2
49,7
49,4
49,2
48,4
48,1
47,5
47,3
47,0
46,2
46,0
45,1
44,2
0,274
0,394
0,273
0,393
0,272
0,395
0,271
0,392
0,270
0,390
0,269
0,391
0,268
0,388
0,267
0,387
0,266
0,389
0,265
0,385
0,264
0,384
0,263
0,386
0,262
0,382
0,261
0,381
0,260
0,438
0,259
0,431
0,258
0,430
0,257
0,380
0,256
0,429
0,255
0,428
0,254
0,379
0,253
0,427
0,252
0,378
0,251
0,377
0,250
0,376
0,249
0,367
0,248
0,426
0,247
0,366
0,246
0,425
0,245
0,365
0,244
0,424
0,242
0,423
0,241
0,364
0,240
0,375
0,239
0,362
0,238
0,361
0,237
0,363
0,236
0,360
0,235
0,359
0,234
0,358
0,233
0,357
0,232
0,356
0,231
0,355
0,230
0,374
0,229
0,373
0,228
0,354
0,227
0,353
0,226
0,352
0,225
0,422
0,224
0,350
0,223
0,349
0,222
0,351
0,221
0,348
0,220
0,347
0,219
0,346
0,218
0,345
0,217
0,344
0,216
0,343
0,215
0,372
0,214
0,371
0,213
0,342
0,212
0,341
0,211
0,340
0,210
0,432
0,209
0,339
0,208
0,421
0,207
0,337
0,206
0,336
0,205
0,338
0,204
0,335
0,203
0,334
0,202
0,333
0,201
0,332
0,200
0,331
0,199
0,330
0,198
0,420
0,197
0,329
0,196
0,328
0,195
0,327
0,194
0,370
0,193
0,326
0,192
0,325
0,63
0,369
0,62
0,324
0,61
0,323
0,60
0,321
0,59
0,320
0,58
0,319
0,57
0,368
0,56
0,419
0,55
0,318
0,54
0,317
0,53
0,52
0,315
0,51
0,314
0,50
0,439
0,49
0,312
0,48
0,311
0,47
0,309
0,46
0,306
0,45
0,301
0,6
0,5
0,11
0,4
0,2
0,3
0,7
